Epoch,f1_score@1,f1_score@10,f1_score@5,loss,map,prec@1,prec@10,prec@5,recall@1,recall@10,recall@5,time1,time2
1.0,0.022367734985942127,0.12199850705994833,0.08294135683496393,0.929958628207586,0.13747997857557473,0.3125207022192779,0.23136800264988408,0.2654852600198741,0.011598947488796797,0.08283957900301732,0.049147933871587814,108.52684903144836,128.4708366394043
2.0,0.031578119666682065,0.14364090187990303,0.0991276547269633,0.8150896493604584,0.16186699611014682,0.3852268963232859,0.26526995693938393,0.3057966213978139,0.016463853765628495,0.098484655361508,0.059151097377747895,112.79474759101868,132.1965901851654
3.0,0.032574376721469525,0.15376822447458055,0.10681150867102693,0.7742279745452232,0.1739680760676262,0.3981450811526996,0.27931434249751574,0.3228552500828089,0.016981877431473898,0.10608511994704492,0.06399094614756326,117.2369179725647,131.59737706184387
4.0,0.03451304240389608,0.1621065614972065,0.11337259781820722,0.7474316255535973,0.18280932733974142,0.4092414706856575,0.291139450149056,0.33756210665783376,0.018016212420668306,0.11232442219908725,0.06812671632976973,119.8257999420166,132.3252351284027
5.0,0.03577859621959661,0.1658058356748101,0.11568146079122393,0.7258784714218413,0.1883990289837218,0.4191785359390527,0.2968698244451805,0.3442861874792978,0.018686795168509362,0.11502421124168974,0.06952026662131815,120.80000162124634,131.47668075561523
6.0,0.03515140619563213,0.1698597610745037,0.11648350815795107,0.706886569685746,0.19225892480419907,0.4205034779728387,0.3024511427625041,0.3460417356740644,0.018342354985932726,0.11809024626095944,0.07002807143520204,122.07684779167175,140.0097029209137
7.0,0.035718455364072144,0.17254801805617026,0.11911536504501825,0.6885684345076005,0.19537706221224463,0.4191785359390527,0.30455448824113945,0.3500828088771117,0.018653986386231128,0.12037327736674915,0.07176701392168915,121.55457878112793,130.79263019561768
8.0,0.03908004136090646,0.17751126810958223,0.12450545690509704,0.6728629466651824,0.2010399242443108,0.43888704869161976,0.3114607485922491,0.3597880092745942,0.020450513381458785,0.12412780138390302,0.07527774581882382,122.83807373046875,131.48186254501343
9.0,0.0391979016150252,0.17859451194978748,0.126017131065634,0.6566426150304574,0.20237773893758118,0.4380589599205035,0.3128684995031467,0.3618416694269626,0.020516885292027654,0.1249637388320149,0.07629383841178694,122.82696056365967,132.36324214935303
10.0,0.037631479099924765,0.17941522481477684,0.12429753426141799,0.6444847090352153,0.20294510485409878,0.4281218946671083,0.31298443193110304,0.36008612123219613,0.01968069613658076,0.12575011668974403,0.07511279867188798,123.5836250782013,131.63629150390625
11.0,0.038491997896591225,0.1804063329056363,0.12458613292780571,0.6319196094217371,0.2035496652442314,0.43706525339516394,0.31372971182510767,0.3596555150712157,0.020132526966273535,0.1266042624593934,0.07534254916640973,123.9048821926117,135.0492045879364
12.0,0.039600466274148725,0.18280353398294522,0.1266679945997988,0.6209170968044778,0.20670170851987016,0.44402119907254056,0.3167936402782378,0.36399470023186487,0.020724395929024014,0.1284673580766238,0.07667526596210743,123.31122159957886,131.74339127540588
13.0,0.039018474388810676,0.18263518488363867,0.127219897505086,0.6114496875260023,0.20673844703613958,0.44120569725074527,0.31685988737992715,0.3635972176217291,0.020411806629910483,0.12829027063354626,0.07709793974480597,124.24056506156921,131.130113363266
14.0,0.03914196215858267,0.18569311910795153,0.12969545582683334,0.6023168257166613,0.2085085462820295,0.4345809870818152,0.31883073865518385,0.36518714806227226,0.020493906538596163,0.13099296279023612,0.07884931256536913,124.57339763641357,131.56888484954834
15.0,0.038500223822941645,0.18431430438790855,0.1273146529257031,0.5950669201944906,0.2077076950714677,0.4281218946671083,0.31778734680357734,0.3634647234183505,0.020156427348810797,0.12979812801810678,0.07717352137181019,123.46350646018982,130.78799867630005
16.0,0.039554468744060836,0.18459665883198573,0.12804920643615988,0.5877783009122144,0.20838260789079474,0.439715137462736,0.31747267307055316,0.36339847631666117,0.020708655414349943,0.13013115474911383,0.07771701322970027,123.81614780426025,139.3931953907013
17.0,0.03899882493987118,0.1844321507727133,0.12763561794858877,0.5819292303519342,0.20818589348187244,0.4373964889036105,0.31717456111295134,0.36164292812189475,0.020409270681717138,0.13001773702270578,0.07749265532014984,122.69483828544617,134.836923122406
18.0,0.03919378433411236,0.18719852083256067,0.13052342001906506,0.5776657607408893,0.20949088096200263,0.44319311030142433,0.32136469029479964,0.368532626697582,0.020503505980320698,0.13206348896557035,0.07930555845989119,122.81245803833008,129.6257770061493
19.0,0.03801004941296303,0.18517354401522246,0.13006189973069537,0.5726556195591367,0.20856441084399727,0.4352434580987082,0.3190129181848294,0.36767141437562106,0.019872774859081233,0.13044596139680856,0.07900470729805811,124.58022260665894,130.51948595046997
20.0,0.040615006180108625,0.18473205923186936,0.12947194021002312,0.5677066596676417,0.2090234169657879,0.4428618747929778,0.31649552832063593,0.36389532957933085,0.021283459580790847,0.13043100310812217,0.07874437630296872,124.6260883808136,135.26054167747498
21.0,0.03836321532065445,0.18529684190179568,0.13106136828247614,0.5647581649100274,0.20899157801268986,0.43706525339516394,0.31747267307055316,0.36767141437562106,0.020062077801214703,0.13082815389237054,0.0797435000058435,123.98440718650818,132.41638469696045
22.0,0.039487362827316005,0.18640475106378931,0.12906504768866534,0.5622935736203499,0.2088768404687352,0.4320967207684664,0.318433256045048,0.36303411725737,0.02068901931240115,0.1317702787652216,0.07848369437613284,124.86835980415344,130.25397157669067
23.0,0.039768936999786474,0.18722657956157188,0.12935007413458635,0.5586354082537052,0.20949801134218163,0.4352434580987082,0.3193110301424313,0.3645246770453793,0.02083639706632476,0.13244153861278285,0.07862489680353112,124.09700798988342,134.21790385246277
24.0,0.03965978897397135,0.18711053535029046,0.12960337974790498,0.5561724941848019,0.20925722389739637,0.43988075521695924,0.31984100695594564,0.3642265650877774,0.020766030446049372,0.1322346300493994,0.07882610587319486,124.02155828475952,132.07001996040344
25.0,0.04086105849144459,0.18715001095063336,0.13029974568705585,0.5536532114278135,0.20976997907543546,0.4413713150049685,0.31917853593905265,0.36568400132494205,0.021422133146749473,0.13238770327178598,0.07927308059026592,125.24321556091309,131.56909775733948
26.0,0.03990302262945892,0.1868574575954292,0.13052111521168666,0.5510961677801118,0.2097944974580359,0.44799602517389864,0.31937727724412057,0.3658827426300099,0.020881467874978108,0.13206109632021443,0.07942764370656881,124.9967589378357,130.6487090587616
27.0,0.0384831070381414,0.18808593544353097,0.13069677163857693,0.5495829605154698,0.2085782997790936,0.4287843656840013,0.3179364027823783,0.3631334879099039,0.020145579596027367,0.133544258929892,0.07968896732993472,124.14804673194885,138.84363222122192
28.0,0.0397505283477185,0.18765315120428283,0.1306955815626281,0.5487065422502746,0.20994358269266272,0.4407088439880755,0.31916197416363035,0.36399470023186487,0.020813939567004166,0.132894677398061,0.0796467291760054,123.18684124946594,136.34658455848694
29.0,0.04210606561025275,0.18820625342943367,0.13345129726762323,0.5472184091222841,0.21063685406585728,0.45048029148724744,0.3206525339516396,0.3701888042398145,0.022085175458701665,0.13319128221019857,0.08139732163052783,123.90541362762451,135.6825828552246
30.0,0.04015155426329975,0.1862059314674072,0.12877598586636563,0.5458546189904454,0.20887256656697228,0.43839019542894997,0.3179364027823783,0.36260351109638955,0.021039255342800687,0.1316566717224378,0.07829006503023139,123.62005472183228,130.65179777145386
31.0,0.04010220404320035,0.18789263510695015,0.1315625548416211,0.5443887257801368,0.20998456448745753,0.43789334216628023,0.3189963564094071,0.36621397813845646,0.021013299362255367,0.13316386502303304,0.08018442477719778,124.2656683921814,138.94225144386292
32.0,0.040102104893151025,0.1889651578759762,0.13273252381627648,0.5428694622247787,0.21046892859338462,0.44319311030142433,0.32055316329910566,0.36840013249420334,0.021001193650344096,0.1339700591336138,0.08094899963590756,123.0390465259552,129.85544323921204
33.0,0.03888978781253076,0.1870255889376062,0.13139068502908183,0.5422817190541841,0.20922981365724824,0.4355746936071547,0.317870155680689,0.36472341835044714,0.020353514003402608,0.1324891965896413,0.08012836194269393,124.56166744232178,130.67009377479553
34.0,0.03868700249822215,0.18808494056019512,0.12903152986547947,0.5410652442971731,0.20937866965328888,0.43358728055647566,0.3196422656508777,0.3624378933421663,0.020246764156764133,0.13324457240012685,0.07848681148466424,125.3678719997406,129.2097363471985
35.0,0.03966759528359352,0.18808394649909219,0.131156699131796,0.540085093424499,0.2098989827141731,0.43607154686982447,0.3188473004306062,0.3646240476979132,0.0207788813820998,0.1333822008302982,0.07995916145735892,124.55814790725708,137.3695421218872
36.0,0.04059760054544387,0.1874418647445178,0.13125378584361952,0.5391736178080992,0.20989862740104948,0.4433587280556476,0.3183007618416694,0.36515402451142764,0.021272755179468094,0.13283225054129297,0.08000585435917149,123.3602557182312,134.4002537727356
37.0,0.039739412134147625,0.18941807593799412,0.130762889817084,0.5387773072091733,0.210172016463898,0.4407088439880755,0.31977475985425635,0.36167605167273936,0.020807844143162217,0.13456318278446486,0.07980875219237221,123.85064458847046,131.6706531047821
38.0,0.04114034119206158,0.19051491397354473,0.13294617878695114,0.5373164170058815,0.21080593946637927,0.4425306392845313,0.32124875786684337,0.3693275919178536,0.021572946803159743,0.13540937025179736,0.08106317003180889,124.49314951896667,129.93459343910217
39.0,0.039443240180581395,0.18630739343568548,0.12893179678913758,0.5377702971594628,0.209028594068725,0.44435243458098705,0.3194104007949652,0.36356409407088436,0.02063757410425517,0.1315066429768051,0.07836050597126021,124.97228980064392,131.0194046497345
40.0,0.03927772740815342,0.18600428366190425,0.12873533588732938,0.536302861331847,0.2083459072297129,0.4349122225902617,0.31654521364690297,0.36015236833388536,0.020567613308004485,0.13169445430067525,0.07837514253934146,124.46513986587524,139.80580592155457
41.0,0.0402577218312507,0.1870624778242117,0.12864760134138128,0.5357074039880687,0.20899030342740593,0.4373964889036105,0.31830076184166944,0.36190791652865184,0.021099870921156515,0.13245151839846145,0.07822760504813135,123.52804780006409,135.22764801979065
42.0,0.0381956916150791,0.18880732259815974,0.13010333165623764,0.5345831333906726,0.20844755452112881,0.4296124544551176,0.3182179529645578,0.36296787015568077,0.019986310448761785,0.13422261656039852,0.07925606010255856,123.73303866386414,130.34681057929993
43.0,0.039322154661062814,0.18799276834288434,0.1302203283425928,0.5339246732934273,0.20913425508395486,0.4362371646240477,0.31974163630341174,0.3628022524014574,0.02058901816436225,0.13313483848604393,0.07935082976512141,125.19666838645935,129.11524081230164
44.0,0.03933987497741811,0.18734496978501547,0.1296240886141961,0.5333317891517899,0.2090805695597788,0.43309042729380587,0.31800264988406757,0.361709175223584,0.020605804119296533,0.13278686091174355,0.07896038273764633,125.12288403511047,129.0521116256714
45.0,0.038807915362295865,0.1870279118225833,0.12849616735356234,0.5335127247860914,0.20793022608851358,0.4352434580987082,0.3182179529645578,0.36280225240145747,0.020309387716807625,0.13243119843860648,0.07807410484329622,124.83919548988342,131.60893535614014
46.0,0.037563226007750306,0.1888712229942932,0.1318524098869826,0.5324643071964735,0.20875963205103956,0.4320967207684664,0.31927790659158667,0.36376283537595233,0.019635075605170253,0.13409934431527215,0.08051898519332293,125.73162007331848,131.44128704071045
47.0,0.03871536634289588,0.18779591335159235,0.13039642040918634,0.5322505114128427,0.20900085160610168,0.43193110301424315,0.318433256045048,0.3640609473335542,0.020265933387637197,0.13316495074157236,0.0794214842558111,125.62325763702393,130.30089211463928
48.0,0.04021608179396807,0.18687516262085713,0.1310532550575808,0.5312624454780015,0.2093492248045128,0.44518052335210334,0.3181185823120239,0.3649552832063598,0.02105925116206506,0.1322952575813339,0.07986640040584066,125.28420782089233,130.4975106716156
49.0,0.039686462090184726,0.18618356236811395,0.1299511937423329,0.5309247463076281,0.2086595970461212,0.4380589599205035,0.31702550513415034,0.3630672408082146,0.020784739915090455,0.1317910872606696,0.0791384500561954,125.81037020683289,131.03529047966003
50.0,0.03967776294661532,0.1885762491790564,0.13220781294964562,0.53012301203852,0.20906899219533498,0.43789334216628023,0.3179529645578006,0.3625703875455448,0.020780340673287358,0.1340362157060019,0.08084326734776319,125.70575642585754,131.62049865722656
