Epoch,f1_score@1,f1_score@10,f1_score@5,loss,map,prec@1,prec@10,prec@5,recall@1,recall@10,recall@5,time1,time2
1.0,0.022070077164780082,0.09915965909799984,0.0677452075762687,0.7856005430221558,0.11168528775150541,0.2096026490066225,0.1529635761589404,0.16798013245033114,0.011648291047153429,0.07335686973871511,0.04242807639160019,106.44848299026489,118.24363899230957
2.0,0.025721136404744514,0.1258113067261149,0.08531940403348576,0.5801989856675629,0.13538181427727108,0.24370860927152319,0.18713576158940395,0.20642384105960268,0.013577031784743851,0.09475881103577952,0.05377233135545917,111.37030982971191,123.07154726982117
3.0,0.025708862805912575,0.13708889708497515,0.09226195627857374,0.5177399189163733,0.14806628621028886,0.25794701986754964,0.20367549668874177,0.223476821192053,0.013528610935387065,0.10331322663195111,0.05813051028199514,114.30358982086182,120.34763097763062
4.0,0.030445241769419568,0.14725708980832797,0.10053566324433616,0.4823236678327833,0.15823359368703174,0.280794701986755,0.2156953642384106,0.23824503311258277,0.01609518318733587,0.11178779032198316,0.06371017928965099,116.48160982131958,120.16925954818726
5.0,0.028328236007678885,0.14819294936216482,0.10007190762567886,0.4577076922288802,0.1591928741161854,0.275,0.21609271523178808,0.2384437086092715,0.01493326923139042,0.11276149523987494,0.06332413654536893,117.15373635292053,119.5888843536377
6.0,0.030507693125488622,0.1559185102220455,0.10595487360588446,0.43872424952103445,0.1652900584922744,0.2846026490066225,0.22453642384105965,0.24778145695364237,0.016117707225381663,0.11942304862076929,0.06738478223677132,118.47088551521301,120.35967946052551
7.0,0.03162922346152034,0.16147179779322898,0.11137145863912126,0.42482111862084937,0.17147869883604214,0.298841059602649,0.23135761589403975,0.25887417218543046,0.01669828160004357,0.12401176575421896,0.07094693417016507,119.09351468086243,120.81321811676025
8.0,0.033888850919993566,0.16467306858302072,0.1142961097056695,0.4142509571143559,0.17501262165724776,0.30943708609271525,0.23397350993377483,0.26096026490066226,0.017926034890976366,0.12704399993716203,0.07317212020542681,119.54031324386597,121.00688314437866
9.0,0.03079551893824556,0.16317022623529484,0.11213001891244982,0.40251795527828993,0.17261362874036676,0.2899006622516556,0.23205298013245035,0.2558278145695364,0.01626146981340569,0.12582133985810157,0.07180009729474231,119.91989541053772,120.27243161201477
10.0,0.03278225867774248,0.17100833754589048,0.1172213069029831,0.3954967243893127,0.17913994626006055,0.3041390728476821,0.24049668874172184,0.2659933774834437,0.01732482539844144,0.13267394754049547,0.07517523815374266,120.34559893608093,123.70302772521973
11.0,0.033564281986057175,0.1735533305348353,0.11840103782038786,0.38689424141719336,0.1811857866451582,0.2993377483443709,0.24245033112582784,0.2663576158940398,0.017778901450023116,0.13514829956671126,0.07611860421967055,120.14324498176575,120.97486138343811
12.0,0.0344752626204313,0.17354182931469414,0.12132651731723211,0.3808981759569073,0.18262323268936045,0.3082781456953642,0.242135761589404,0.2704966887417219,0.01825857485072119,0.13523227370445004,0.07820112643128058,120.64984965324402,120.47532057762146
13.0,0.03583185592937482,0.1748548796763515,0.12223359922006362,0.3745733369593672,0.1838363216812107,0.3167218543046358,0.24385761589403976,0.2716556291390729,0.018990138502502155,0.13628986158682987,0.07885824522805997,121.21026158332825,129.56953954696655
14.0,0.03359600461981068,0.17648084621268992,0.12342008609976601,0.37023794205201604,0.18380999963396563,0.30562913907284767,0.24407284768211926,0.27420529801324506,0.017774949895148474,0.13820673975182984,0.07963105222194664,121.17980551719666,120.85229015350342
15.0,0.0358294986269998,0.17870639450304124,0.12537482443505368,0.36493424452700707,0.1866365796786242,0.31804635761589406,0.24720198675496688,0.27589403973509935,0.018984074349875903,0.13993321046660354,0.0811188826473391,121.3818941116333,122.68808889389038
16.0,0.0355107915169841,0.17628905971033113,0.12140088127799124,0.3607536607554981,0.18426464006883705,0.3152317880794702,0.24491721854304638,0.27298013245033115,0.018815157429261934,0.13770327767288276,0.07805746364166177,121.5646607875824,124.448575258255
17.0,0.03541546042668333,0.17613475438113305,0.12261137091629194,0.35666950786049473,0.18435601981138458,0.31473509933774835,0.24319536423841062,0.27175496688741724,0.0187634029960648,0.13806391922545722,0.07916455883594016,121.16434121131897,122.06324934959412
18.0,0.036998692861684,0.1790700180207083,0.12403963680292511,0.3520823469701803,0.18664350395094526,0.3205298013245033,0.24639072847682122,0.27261589403973513,0.019632430240184334,0.14064259925795103,0.08028444115329962,122.62316274642944,121.52368688583374
19.0,0.03578093110549163,0.17868420613595304,0.1253518817946747,0.34941754311403495,0.18657135052959453,0.30629139072847683,0.2437748344370861,0.2728807947019868,0.019000270445011527,0.14102811101360518,0.08136377562743928,123.34646892547607,124.67653298377991
20.0,0.03705908354771507,0.17658947295910263,0.12333312574851032,0.3464416851292081,0.18511660910218697,0.31870860927152317,0.2439900662251656,0.2729470198675497,0.019673338778796266,0.1383666333227706,0.07966522224313921,121.7751088142395,124.86614346504211
21.0,0.03504856711337847,0.17716746459593358,0.12249229047749333,0.3428830557435028,0.18502500880909745,0.3165562913907285,0.24475165562913911,0.273046357615894,0.018551265639308586,0.13883142376017057,0.07895665772834785,121.26179838180542,129.2628209590912
22.0,0.0358389160321742,0.17657720246207104,0.1247630734074524,0.339967463275975,0.18505388187581273,0.31970198675496686,0.24374172185430465,0.2744701986754967,0.018983492362052,0.13843154513644096,0.08072978825729722,121.47271776199341,120.63015532493591
23.0,0.036539359605818354,0.1781080404853463,0.1246279176677188,0.33801235822895465,0.18698028659110677,0.3230132450331126,0.24637417218543045,0.2762582781456954,0.019364965276283123,0.13946471730498008,0.08046367871442416,123.45602941513062,122.08475852012634
24.0,0.035322220741980326,0.17716678410057152,0.12292644860483012,0.335778756664609,0.18485924362137268,0.3124172185430464,0.24443708609271525,0.27099337748344376,0.018719323622178242,0.13893200518613075,0.07949274360689973,123.17429900169373,129.69874811172485
25.0,0.03504110811751818,0.177147330644994,0.1222041392822973,0.3337981578595233,0.18436047165438826,0.31986754966887415,0.2447682119205298,0.2699337748344371,0.01853584383832662,0.13880137403278633,0.0789799244954975,122.08785367012024,120.08336281776428
26.0,0.038654546755386945,0.17787750666882057,0.12633334550388917,0.3312156606475619,0.18740250278746504,0.3312913907284768,0.24400662251655628,0.27612582781456957,0.02052466588356322,0.13994933267878562,0.08190279398316334,123.55197596549988,128.8941400051117
27.0,0.03680731178939099,0.17676228080005002,0.12490169219003042,0.33096346196861604,0.18656535784538103,0.3195364238410596,0.24461920529801323,0.2747682119205298,0.019528390849978365,0.13837680556337092,0.08082008387648072,122.23368287086487,121.62917280197144
28.0,0.03749633853552885,0.1799636846761774,0.12489649525680796,0.3284318814018987,0.18670449637633135,0.3291390728476821,0.2463079470198676,0.27278145695364237,0.019880592437511876,0.1417756995894963,0.08098922669856226,123.68848633766174,120.45190286636353
29.0,0.03739134713221687,0.17999578387765153,0.1239039239670075,0.32711214955765605,0.18678182151604195,0.3256622516556291,0.24701986754966887,0.27509933774834433,0.0198343258984433,0.14158061163091737,0.07995849656941345,124.46544647216797,120.87334203720093
30.0,0.03723098341568715,0.17873481962363627,0.1262626812361778,0.32547774832605353,0.18711965045078197,0.31937086092715233,0.244817880794702,0.27433774834437086,0.01976771230634634,0.14074412090169844,0.0820018200279861,124.57682418823242,125.17630100250244
31.0,0.03683201270418284,0.1799979263999669,0.12743138201858645,0.3241946470102853,0.18805198040185878,0.32450331125827814,0.2459105960264901,0.2784105960264901,0.01952402123713939,0.14195027196528373,0.08262479963702966,123.69564867019653,120.32293319702148
32.0,0.036779212312633244,0.17831925032911822,0.1253388527229302,0.3229003370089351,0.18641718745161004,0.31821192052980135,0.2441390728476821,0.2736423841059603,0.01951753292618064,0.14045312813108413,0.08128535250888894,124.7625024318695,120.38072204589844
33.0,0.03552558717463186,0.17867995961345368,0.12438609825082952,0.3217622498577496,0.1852517513941174,0.31556291390728475,0.24637417218543048,0.2751324503311258,0.018822285556918186,0.14016733065919504,0.08035772573112936,124.59262371063232,125.9809627532959
34.0,0.038122506476237515,0.1813857214166835,0.12878701207169543,0.3210942688174646,0.18848937418395062,0.325,0.2476490066225166,0.2785761589403974,0.020248848398435215,0.14309727555655224,0.08375326072819739,123.41826915740967,120.98436999320984
35.0,0.03840014196128356,0.17978638846986744,0.1264587974048599,0.3200926290689453,0.18797751717096622,0.32980132450331123,0.24602649006622518,0.2759602649006623,0.020386939100073814,0.14164888367154918,0.08202289553586724,124.53281760215759,123.5222475528717
36.0,0.0366837498765257,0.17837497400599317,0.12516549353582287,0.3189829183476312,0.18582631930950633,0.31440397350993377,0.24415562913907285,0.27397350993377484,0.019478205383375306,0.14051679719712015,0.08111052032982176,123.89853858947754,122.23500466346741
37.0,0.03717357605151032,0.18098920929249146,0.12868477157850303,0.31826085163496254,0.18719432429294885,0.31970198675496686,0.24745033112582784,0.28049668874172184,0.01973408544073895,0.1426702955481361,0.08349510471506072,124.80946469306946,120.30512857437134
38.0,0.03700817888198928,0.17615535218197106,0.12412348465966096,0.317761061949068,0.18467308626695653,0.32019867549668873,0.24342715231788079,0.27327814569536424,0.0196390164230026,0.1380146132085469,0.08029735187360508,125.39733076095581,119.78433728218079
39.0,0.036182759243879335,0.17974183600075255,0.12633843952870624,0.31662552052672016,0.18638661440852666,0.3210264900662252,0.2469205298013245,0.2777152317880795,0.019171802476012665,0.14129913746307216,0.08176826193716151,124.75247812271118,121.46009516716003
40.0,0.037038871253490514,0.17850145688846555,0.12646619549282856,0.31577922235120015,0.18667335220219908,0.32235099337748346,0.24541390728476825,0.2778807947019868,0.019648250218857286,0.140259503924913,0.08186094564470862,125.74269604682922,119.44535303115845
41.0,0.037287716729998685,0.17984032061749342,0.1253147386357286,0.31515445855428587,0.18678387080582387,0.31903973509933775,0.24591059602649007,0.2741721854304636,0.019800976293890084,0.14175433329984757,0.08121846116944066,125.25088357925415,119.83434844017029
42.0,0.03651207495551334,0.17782857132415403,0.12492495918712349,0.3152541223200505,0.18567795934513703,0.3185430463576159,0.2443543046357616,0.2756953642384106,0.01936591867319193,0.13977474133492307,0.08075966374259383,125.82330131530762,120.06513023376465
43.0,0.03725179585865075,0.1781340280978081,0.12296225737220008,0.31448497129177466,0.18491184618039447,0.32384105960264903,0.2443046357615894,0.2739072847682119,0.01976255205807723,0.14016888551579618,0.07927521418965587,125.28964376449585,120.30394053459167
44.0,0.03734316159865674,0.17814669598631863,0.12627536467565417,0.3132861261620033,0.1865378603477994,0.32466887417218543,0.24420529801324503,0.2768211920529801,0.019810897836100475,0.14021730203797853,0.0817931552674243,125.35809254646301,127.20612287521362
45.0,0.037689115189028496,0.17832878899287832,0.12482895714369009,0.31261886065860967,0.1856277579165583,0.3185430463576159,0.2439735099337748,0.27331125827814573,0.020029472981971105,0.140519828079643,0.08088591820606018,123.57110738754272,118.47719430923462
46.0,0.036228860937832806,0.1790163950061827,0.12457056552083272,0.31289065697524104,0.1848051240186364,0.3127483443708609,0.24420529801324503,0.27294701986754966,0.01922812640047984,0.14129790392830358,0.08070085505094626,124.8308596611023,120.93178725242615
47.0,0.0368836895572081,0.17856195395017285,0.12612068620273426,0.3121482780117873,0.1862165582343112,0.320364238410596,0.24470198675496688,0.2755298013245033,0.019568298615786694,0.1405680768396106,0.08177647720044266,125.22381782531738,129.4087016582489
48.0,0.03573596917924365,0.1771639143839665,0.12404122771966382,0.31152541431374947,0.1842499586445958,0.3162251655629139,0.24215231788079472,0.27254966887417226,0.01893806063824739,0.1396775143344367,0.08029151971312785,123.86600828170776,119.40136289596558
49.0,0.03669606774179241,0.17951041748209445,0.12725502678513156,0.31075539769268423,0.18700866190477322,0.31920529801324504,0.2453145695364239,0.2775496688741722,0.019467004183570027,0.14154249723952494,0.08255243704718572,124.96922445297241,123.84030199050903
50.0,0.03660361811747734,0.18040313374035125,0.1262305517458937,0.310855437903552,0.18657224564165228,0.31870860927152317,0.24485099337748345,0.27533112582781455,0.019416817822139738,0.14281296575855296,0.08188643763756233,124.06977820396423,129.96467089653015
