Epoch,loss,map,prec@1,prec@10,prec@5,recall@1,recall@10,recall@5,time1,time2
1.0,0.7840266253026027,0.11101622962028818,0.20198675496688742,0.15362582781456954,0.17062913907284766,0.010298476249089446,0.07478859344930545,0.04296961023450258,119.2058835029602,140.0471625328064
2.0,0.5787487734320029,0.13567370070289336,0.2432119205298013,0.18857615894039736,0.21003311258278143,0.013421720036007102,0.09418680547381576,0.053770344970857566,119.20427227020264,142.65087938308716
3.0,0.5161155265256401,0.14703615095062342,0.2539735099337748,0.20188741721854306,0.22182119205298018,0.013536652066900537,0.10235655472360065,0.05758152338909441,120.93945455551147,141.93311166763306
4.0,0.4805641138569685,0.15803099891094352,0.2723509933774834,0.2164900662251656,0.2396688741721854,0.014888626979341279,0.11161289982907467,0.06331248108463822,120.72515034675598,142.163898229599
5.0,0.45519876785355434,0.16118087663365063,0.27963576158940395,0.2197516556291391,0.24344370860927153,0.01500657647291554,0.1133253388235326,0.06379650984178924,120.86409544944763,141.8728084564209
6.0,0.4363033473692493,0.16803065967151534,0.28427152317880794,0.22701986754966888,0.2502317880794702,0.016601342003166736,0.12026673607332246,0.06872342597377759,121.79939985275269,141.49873518943787
7.0,0.42229502148062714,0.1749480716719717,0.30562913907284767,0.23549668874172186,0.26380794701986754,0.017746046553717233,0.1274054374438468,0.07319078795701699,121.85119247436523,141.77676558494568
8.0,0.4124307700324894,0.17707632313007804,0.3079470198675497,0.2365066225165563,0.265794701986755,0.018266886116737997,0.13026140095126504,0.07481701765623057,121.95435357093811,145.56546664237976
9.0,0.4012717690991584,0.1779639580677516,0.3031456953642384,0.23549668874172186,0.26268211920529805,0.017929198008750938,0.13181690637549867,0.07598848314140517,126.23673820495605,140.69271779060364
10.0,0.39455512822718636,0.18346001061640596,0.31125827814569534,0.2428973509933775,0.271523178807947,0.01829559600280736,0.13671896398078903,0.0779656772394134,122.89566421508789,140.05660581588745
